	Matriz 10x5 con los primeros 50 numeros pares 
[-858993460]
[-858993460]
[-858993460]
[-858993460]
[-858993460]
[-858993460]
[-858993460]
[-858993460]
[-858993460]
[-858993460]
[-858993460]
[-858993460]
[-858993460]
[-858993460]
[-858993460]
[-858993460]
[-858993460]
[-858993460]
[-858993460]
[-858993460]
[-858993460]
[-858993460]
[-858993460]
[-858993460]
[-858993460]
[-858993460]
[-858993460]
[-858993460]
[-858993460]
[-858993460]
[-858993460]
[-858993460]
[-858993460]
[-858993460]
[-858993460]
[-858993460]
[-858993460]
[-858993460]
[-858993460]
[-858993460]
[-858993460]
[-858993460]
[-858993460]
[-858993460]
[-858993460]
[-858993460]
[-858993460]
[-858993460]
[-858993460]
[-858993460]
mariel